Row	Gene ID	Gene Name	Score(d)	Numerator(r)	Denominator(s+s0)	Fold Change	q-value(%)
1	7972	g7971	7971	9.92012786847322	2.74006951666667	0.27621312476977	6.68102527475459	0
2	5552	g5551	5551	9.6080599012529	3.95392938333333	0.411522141199155	15.497132459398	0
3	19373	g19372	19372	8.53264747098181	1.50653171666667	0.176560876538043	2.84126169360616	0
4	6820	g6819	6819	8.40093216203173	2.28520716666667	0.272018285898645	4.87434094514085	0
5	12057	g12056	12056	8.16653410893793	2.7854016	0.341075119854271	6.89428815917628	0
6	7892	g7891	7891	7.77606026748971	2.31081836666667	0.297170840654075	4.96164448727986	0
7	20046	g20045	20045	7.73451377605914	1.70870171666667	0.220919086336837	3.26866543360982	0
8	2826	g2825	2825	7.64532779279277	2.87896683333333	0.376565519669062	7.35623125206275	0
9	20596	g20595	20595	7.41637617562726	3.26854095	0.440719412364969	9.63671173435018	0
10	4083	g4082	4082	7.36233886554739	1.42426271666667	0.193452480614769	2.68377312388888	0
11	8927	g8926	8926	7.35085878907865	4.25959891666666	0.579469561161378	19.1543334415623	0
12	1733	g1732	1732	7.08839745594976	1.12799418333333	0.159132468282592	2.18554666648376	0
13	18674	g18673	18673	6.87380680477551	2.59588761666667	0.377649196492284	6.04560875293848	0
14	8418	g8417	8417	6.82580509442992	3.15473368333334	0.462177521873237	8.9057288264075	0
15	9986	g9985	9985	6.81954187235847	1.37603588333333	0.201778346564715	2.59554209051793	0
16	1555	g1554	1554	6.8030381594724	1.78755043333333	0.262757666711657	3.45228228072658	0
17	7097	g7096	7096	6.76803646383625	3.94166633333333	0.582394370124171	15.3659635705242	0
18	1143	g1142	1142	6.7308019043201	1.14567488333333	0.170213727817185	2.212496055826	0
19	16442	g16441	16441	6.72079832478239	1.21833026666667	0.181277611347773	2.32677267486432	0
20	19888	g19887	19887	6.68332728715399	2.65542343333334	0.397320573905952	6.30031269320487	0
21	5798	g5797	5797	6.58101336830871	1.41879945	0.215589814303116	2.67362930198376	0
22	10569	g10568	10568	6.5113747455948	1.42587596666666	0.218982322839171	2.68677585037798	0
23	20749	g20748	20748	6.46613067406037	1.9222512	0.297279980392499	3.79014015873824	0
24	4157	g4156	4156	6.38193089598649	1.28189496666667	0.200863185070342	2.4315815321327	0
25	10989	g10988	10988	6.3723908626545	1.33028631666667	0.208757803050474	2.51452573127441	0
26	12105	g12104	12104	6.27051883482526	3.10925276666666	0.495852552008691	8.62935522300469	0
27	8397	g8396	8396	6.17834300571663	1.35472426666667	0.219269837465026	2.55748232014672	0
28	6811	g6810	6810	6.15377330758855	1.36328125	0.221535825559071	2.57269645909205	0
29	12295	g12294	12294	6.13627667271752	3.0250688	0.492981161271581	8.14022572293162	0
30	8638	g8637	8637	6.13366149918845	2.0102001	0.327732480878831	4.0283808928787	0
31	11318	g11317	11317	6.12664683907194	4.0355945	0.658695466868351	16.3996656849479	0
32	13930	g13929	13929	6.0796469466843	1.33244053333333	0.219164129926988	2.5182831985683	0
33	9098	g9097	9097	6.03537777701469	1.42016431666667	0.235306615283514	2.67615989514355	0
34	19249	g19248	19248	6.01711829362495	1.51636755	0.252008931186639	2.86069868935988	0
35	13239	g13238	13238	5.99939252910669	1.380161	0.230050124792469	2.6029741779942	0
36	2838	g2837	2837	5.90818996882614	1.70322876666667	0.288282667898891	3.25628904574567	0
37	7215	g7214	7214	5.90384371337737	2.01153791666666	0.340716660928671	4.03211815851497	0
38	3507	g3506	3506	5.89628776023637	1.04829723333334	0.177789361028626	2.06808750932856	0
39	14842	g14841	14841	5.76597914868992	1.8521379	0.321218279192151	3.61034798845604	0
40	16027	g16026	16026	5.73348328961555	1.07658433333334	0.187771426016579	2.10903689472239	0
41	16310	g16309	16309	5.68686974648453	1.78825056666667	0.314452527732347	3.45395806418793	0
42	6065	g6064	6064	5.67623909363934	2.95854491666667	0.521215697200272	7.77339547930843	0
43	17941	g17940	17940	5.62987151417219	2.01989285	0.358781340731361	4.05553670034205	0
44	10931	g10930	10930	5.62178756144843	1.0273131	0.182737801592652	2.03822468969128	0
45	3760	g3759	3759	5.614227234309	1.25333043333333	0.223241842737346	2.38391109507872	0
46	10872	g10871	10871	5.60360987109053	1.99692113333333	0.356363340645039	3.99147267135821	0
47	3821	g3820	3820	5.49900640787842	1.98190035	0.360410627483637	3.95013059247768	0
48	17021	g17020	17020	5.4965263584152	1.34042906666667	0.243868396012413	2.5322661880064	0
49	8816	g8815	8815	5.44509191612029	1.32585928333333	0.243496217099312	2.50682152020165	0
50	16282	g16281	16281	5.42846405856298	1.5513119	0.285773633805851	2.93083530565646	0
51	14382	g14381	14381	5.41207321201062	2.37289305	0.438444373726137	5.17978799266978	0
52	7246	g7245	7245	5.406967787481	1.98418381666667	0.366967937419701	3.956387724701	0
53	8104	g8103	8103	5.37576132208575	1.22729286666667	0.228301219703424	2.34127251233948	0
54	6179	g6178	6178	5.32117792161851	1.57679305	0.296324060805018	2.98306011223606	0
55	8262	g8261	8261	5.30923716726676	1.01119626666667	0.190459803321847	2.01558170530507	0
56	10671	g10670	10670	5.29415449011075	1.28508936666667	0.242737413323914	2.43697147905298	0
57	11076	g11075	11075	5.28097871539711	1.60881921666667	0.304644139537247	3.0500210860766	0
58	7911	g7910	7910	5.24489074852115	1.28785876666667	0.245545394254359	2.44165398673243	0
59	2687	g2686	2686	5.23281097982249	1.29251938333333	0.247002880157001	2.44955448797009	0
60	12586	g12585	12585	5.22217464085705	1.31847941666667	0.252477082315708	2.49403103311233	0
61	2852	g2851	2851	5.20832346912908	2.30575653333333	0.442706092853118	4.94426658757955	0
62	2823	g2822	2822	5.20807658135537	1.50877338333333	0.289698770700619	2.84567989165245	0
63	14705	g14704	14704	5.20135619328834	1.65078871666667	0.317376594742116	3.14005257891599	0
64	2641	g2640	2640	5.16877579085796	2.36177856666667	0.456931904619263	5.1400363662703	0
65	10315	g10314	10314	5.1565758049965	1.84638153333333	0.358063490804163	3.59597136681503	0
66	14619	g14618	14618	5.11611798414238	1.0152033	0.19843234717156	2.02118769225242	0
67	15992	g15991	15991	5.09023754071049	1.01716551666667	0.199826728817982	2.02393858996856	0
68	19785	g19784	19784	5.07847980923876	1.83115295	0.360571080083605	3.55821318474946	0
69	8799	g8798	8798	5.05759008351341	2.26961028333333	0.448753308563251	4.82192858238538	0
70	14554	g14553	14553	5.02758631562639	2.23686835	0.444918935165275	4.71372747066614	0
71	8905	g8904	8904	4.99531175238139	1.20884108333333	0.241995123278752	2.3115187791909	0
72	2832	g2831	2831	4.98109968731364	1.07416985	0.215649137224819	2.10551017874885	0
73	11747	g11746	11746	4.97660291654405	1.6793701	0.337453103685882	3.20288078433147	0
74	5620	g5619	5619	4.95936335793395	1.32479585	0.267130225068224	2.50497438326999	0
75	10768	g10767	10767	4.95282748770912	1.0626671	0.214557664816129	2.08878948466477	0
76	11077	g11076	11076	4.93103048856366	1.093913	0.22184267619863	2.13452195240373	0
77	4233	g4232	4232	4.90666296366504	1.2376848	0.252245733845047	2.35819790917709	0
78	1233	g1232	1232	4.8848683137208	1.24604596666667	0.255082816289383	2.37190457044776	0
79	7529	g7528	7528	4.8798777243519	3.47810453333333	0.712744197662302	11.1432992259697	0
80	5365	g5364	5364	4.78052906579804	1.6131216	0.337435789595124	3.05913038889608	0
81	10368	g10367	10367	4.76106914799331	1.19649268333333	0.25130756268004	2.29181832302088	0
82	11165	g11164	11164	4.65337644285358	2.2944983	0.4930824591945	4.90583359919231	0
83	11069	g11068	11068	4.65035450951429	1.51291293333333	0.325332817151471	2.85385677594074	0
84	3153	g3152	3152	4.64185847464379	1.05273463333333	0.226791626475454	2.07445826600641	0
85	10555	g10554	10554	4.61966157217415	1.73244693333333	0.375015984670494	3.32290934294219	0
86	10327	g10326	10326	4.60846964422586	1.1806896	0.256199929944062	2.26685105354226	0
87	12639	g12638	12638	4.59865652241791	1.07703203333334	0.234205800777451	2.10969147681467	0
88	7305	g7304	7304	4.59770068817543	1.57902026666667	0.343436942454228	2.98766888405363	0
89	1426	g1425	1425	4.58943250509293	1.83632351666667	0.400119952658391	3.57098857125102	0
90	12746	g12745	12745	4.58348439761577	1.68570536666666	0.367778140042003	3.21697643203189	0
91	9555	g9554	9554	4.5678516908177	1.32380256666667	0.289808570039123	2.5032503231627	0
92	6998	g6997	6997	4.55965571620864	1.0218317	0.224102819071975	2.03049531709891	0
93	2966	g2965	2965	4.55827123755018	1.22015121666667	0.267678502019645	2.32971134978129	0.044231703499872
94	972	g971	971	4.47952516215691	1.08407931666667	0.242007640860015	2.12002211842928	0.044231703499872
95	8868	g8867	8867	4.40784210434053	1.28947093333333	0.29254018243157	2.44438398389238	0.044231703499872
96	12537	g12536	12536	4.38894861972091	1.68656285	0.38427491322677	3.21888904941362	0.044231703499872
97	10226	g10225	10225	4.3270482503781	1.57075378333333	0.36300815069397	2.9705988226269	0.044231703499872
98	11152	g11151	11151	4.29452999111957	1.17184365	0.27286889424994	2.25299427874913	0.0756720765281595
99	14606	g14605	14605	4.28313679496649	1.94798721666667	0.454803876204918	3.85835855030611	0.0756720765281595
100	4242	g4241	4241	4.27486912402291	1.12401096666667	0.262934591459236	2.17952079202167	0.0756720765281595
101	2374	g2373	2373	4.25089524902099	1.0079119	0.237105795592618	2.0109983528857	0.0756720765281595
102	7130	g7129	7129	4.24909661345462	1.59893566666667	0.376300143800848	3.0291975493455	0.0756720765281595
103	14618	g14617	14617	4.23609849660388	1.0494166	0.247731869511846	2.06969273181575	0.0756720765281595
104	8458	g8457	8457	4.16612252825735	1.58392426666667	0.380191474428191	2.99784182963283	0.0756720765281595
105	550	g549	549	4.14312597256771	1.25845458333333	0.303745189421167	2.39239330155727	0.0756720765281595
106	5984	g5983	5983	4.10299162140504	1.13120115	0.27570155008326	2.1904103216636	0.132303217084083
107	12501	g12500	12500	4.09736718359387	1.45740583333333	0.355693245938241	2.74614124952715	0.132303217084083
108	11037	g11036	11036	4.05216284705325	1.76637495	0.435909171637689	3.40198068496354	0.132303217084083
109	10499	g10498	10498	4.02525780878261	1.50019935	0.372696463497755	2.82881798067139	0.132303217084083
110	8576	g8575	8575	3.98308552931242	1.58455566666667	0.39782115021271	2.99915413163783	0.132303217084083
111	5226	g5225	5225	3.93994653546003	1.03866078333333	0.263623065436358	2.05431979576026	0.132303217084083
112	2438	g2437	2437	3.90312882803402	1.05453585	0.27017705447636	2.07704986175195	0.132303217084083
113	8150	g8149	8149	3.88880738914972	1.01418795	0.260796652678073	2.01976570709673	0.202052245575189
114	10815	g10814	10814	3.85445408491347	1.30038725	0.337372613955834	2.46294984603575	0.202052245575189
115	3607	g3606	3606	3.7512796092273	1.04280435	0.27798630297644	2.06022849196096	0.202052245575189
116	11339	g11338	11338	3.73188153847968	1.11411113333333	0.298538718832754	2.16461602680435	0.202052245575189
117	13039	g13038	13038	3.70817288605829	1.06602145	0.287478896684657	2.0936516921458	0.202052245575189
118	11336	g11335	11335	3.68985131864749	1.01089838333333	0.273967240420917	2.01516557701809	0.202052245575189
119	8792	g8791	8791	3.6382887646659	1.09561283333333	0.301134105674523	2.13703840239165	0.329396097828459
120	1994	g1993	1993	3.62488707634505	1.2627851	0.348365362397235	2.39958530230618	0.329396097828459
121	12858	g12857	12857	3.58181557408601	1.24771083333333	0.348345917740814	2.37464332266775	0.329396097828459
122	7158	g7157	7157	3.55129677442707	1.09091223333333	0.307187008753818	2.13008681855011	0.329396097828459
123	20751	g20750	20750	3.49694889983794	1.38252691666667	0.39535233606952	2.60724637153585	0.329396097828459
124	9265	g9264	9264	3.32429703041902	1.39857866666667	0.420714110041598	2.63641716142446	0.541254965420907
125	15346	g15345	15345	3.27410213063546	1.03365435	0.315706202420564	2.04720326019435	0.541254965420907
126	8183	g8182	8182	3.16474323020962	1.18425056666667	0.37420115330754	2.27245317401106	0.869648034074064
127	19934	g19933	19933	3.15675950051935	1.0052799	0.318453116189121	2.00733290570544	0.869648034074064
128	16499	g16498	16498	3.13363032712887	1.01388371666667	0.32354924187743	2.01933982688611	0.869648034074064
129	11349	g11348	11348	3.04470776654674	1.09033661666667	0.358108790816174	2.12923711097486	1.36209737750687
130	11634	g11633	11633	2.61450627300955	1.09469226666667	0.418699422513365	2.1356752183886	2.98448869004218
131	4466	g4465	4465	2.4405339691608	1.0765355	0.441106542094219	2.10896550780018	4.26984279750109
132	10792	g10791	10791	2.36217941394193	1.26458271666667	0.535345752825934	2.40257708011548	4.26984279750109
133	10551	g10550	10550	2.30798845717899	1.29328973333333	0.560353640119196	2.45086281588186	4.26984279750109
